0.35355339059 0 1.2 0.05
0.35355339059 0 1.3 0.05
0.35355339059 0 -0.1 0.0
0.35355339059 0 -0.15 0.0
0.35355339059 0 -0.2 0.0
0.35355339059 0 0.1 0.1
0.35355339059 0 0.1 0.3
0.35355339059 0 -0.1 -0.5
0.35355339059 0 0 0
0.35355339059 0 0.05 0.01
0.35355339059 0 0.06 0.02
0.35355339059 0 0.19 0.13
0.35355339059 0 -0.01 0.04
0.35355339059 0 0.014 -0.05
0.35355339059 0 -0.018 -0.06
0.35355339059 0 0.0014 0.0011
0.35355339059 0 -0.0011 0.0022
0.35355339059 0 0.0015 -0.0032
0.35355339059 0 -0.0018 -0.0045
0.35355339059 0 0.1 0.0
0.35355339059 0 0.111 0.0
0.35355339059 0 0.155 0.56
0.35355339059 0 0.177 0.53
0.35355339059 0 0.188 0.55
0.35355339059 0 0.11 0.77
0.35355339059 0 0.1 0.9
0.35355339059 0 -0.1 0.0
0.35355339059 0 0.22 0.0
0.35355339059 0 0.14 0.0
0.35355339059 0 0.181 0.0
0.35355339059 0 0.171 0.0
0.35355339059 0 0.142 0.0
0.35355339059 0 0.25 0.1
0.35355339059 0 0.34 0.9
0.35355339059 0 0.1 0.5
0.35355339059 0 0.11 0.53
0.35355339059 0 0.12 0.5
0.35355339059 0 0.14 0.61
0.35355339059 0 -0.1 0.22
0.35355339059 0 -0.1 0.42
0.35355339059 0 -0.1 0.62
0.35355339059 0 -0.1 0.82
0.35355339059 0 0.1 -0.1
0.35355339059 0 0.1 -0.3
0.35355339059 0 0.1 -0.5
0.35355339059 0 0.1 -0.7
0.35355339059 0 0.1 -0.9
0.35355339059 0 -0.1 -0.2
0.35355339059 0 -0.1 -0.4
0.35355339059 0 -0.1 -0.6
0.35355339059 0 -0.1 -0.8
0.35355339059 0 -0.1 -1
0.35355339059 0 0.001 0.0
0.35355339059 0 0.001 0.1
0.35355339059 0 0.01 0.2
0.35355339059 0 0.002 0.3
0.35355339059 0 1.1 0.4
0.35355339059 0 1.1 0.5
0.35355339059 0 2.1 0.6
0.35355339059 0 1.1 0.7
0.35355339059 0 3.3 0.8
0.35355339059 0 1.4 0.9
0.35355339059 0 1.1 1
0.35355339059 0 1.7 -0.11
0.35355339059 0 4.1 -0.21
0.35355339059 0 -1.5 0
0.35355339059 0 -1.6 0
0.35355339059 0 -1.7 0
0.35355339059 0 -1.8 0
0.35355339059 0 -1.9 0
0.35355339059 0 -2.0 0
0.35355339059 0 -1.11 0
0.35355339059 0 -2.22 0
0.35355339059 0 -1.33 0
0.35355339059 0 -2.99 0
0.35355339059 0 -2.88 0
0.35355339059 0 -1.7 0.17
0.35355339059 0 -2.6 0.26
0.35355339059 0 -2.5 0.35
0.35355339059 0 -1.4 0.44
0.35355339059 0 -2.3 0.53
0.35355339059 0 -2.2 0.62
0.35355339059 0 -2.1 0.71
