-2.1000e+00 7.1000e-01 0.0000e+00 2.0744e-317
1.7448e+00 9.9425e-01 1.4280e+00 -9.2019e-01
-2.0309e+00 7.4395e-01 7.1340e+00 -9.2020e-01
1.8096e+00 9.2903e-01 8.5620e+00 -9.2019e-01
-1.9014e+00 8.4300e-01 1.4268e+01 -9.2020e-01
1.9404e+00 8.1186e-01 1.5696e+01 -9.2019e-01
-1.7757e+00 9.5659e-01 2.1402e+01 -9.2020e-01
2.0612e+00 7.2457e-01 2.2830e+01 -9.2019e-01
2.4772e+00 -4.0038e-01 2.4258e+01 -9.2019e-01
2.1120e+00 7.0704e-01 2.9964e+01 -9.2020e-01
2.5047e+00 -4.0203e-01 3.1392e+01 -9.2019e-01
2.0762e+00 7.6638e-01 3.7098e+01 -9.2020e-01
2.6471e+00 -3.2441e-01 3.8526e+01 -9.2019e-01
-3.3506e-01 -1.8467e+00 3.9954e+01 -9.2019e-01
1.9557e+00 8.7880e-01 4.4232e+01 -9.2020e-01
2.8242e+00 -2.0704e-01 4.5660e+01 -9.2020e-01
4.3913e-01 -1.8104e+00 4.7088e+01 -9.2019e-01
2.8796e+00 -1.3679e-01 5.2794e+01 -9.2020e-01
8.1773e-01 -1.5692e+00 5.4222e+01 -9.2019e-01
2.8488e+00 -1.3215e-01 5.9928e+01 -9.2020e-01
7.7923e-01 -1.5887e+00 6.1356e+01 -9.2019e-01
-2.4911e+00 -3.8472e-01 6.2784e+01 -9.2019e-01
3.1310e-01 -1.8384e+00 6.8490e+01 -9.2020e-01
-2.6019e+00 -2.9461e-01 6.9918e+01 -9.2019e-01
-4.4304e-01 -1.7945e+00 7.5624e+01 -9.2020e-01
-2.7694e+00 -1.7919e-01 7.7052e+01 -9.2019e-01
-8.2849e-01 -1.5562e+00 8.2758e+01 -9.2020e-01
-2.8597e+00 -1.2446e-01 8.4186e+01 -9.2019e-01
-1.7278e+00 1.0074e+00 8.5614e+01 -9.2019e-01
-2.8797e+00 -1.4010e-01 9.1320e+01 -9.2020e-01
-1.8136e+00 9.6799e-01 9.2748e+01 -9.2019e-01
-2.8050e+00 -2.2045e-01 9.8454e+01 -9.2020e-01
-1.9713e+00 8.6530e-01 9.9882e+01 -9.2019e-01
-2.6202e+00 -3.3845e-01 1.0559e+02 -9.2020e-01
-2.0812e+00 7.5610e-01 1.0702e+02 -9.2019e-01
1.8110e+00 9.6914e-01 1.0844e+02 -9.2019e-01
-2.1036e+00 7.0860e-01 1.1415e+02 -9.2020e-01
1.7414e+00 9.9745e-01 1.1558e+02 -9.2019e-01
-2.0393e+00 7.3816e-01 1.2128e+02 -9.2020e-01
1.8002e+00 9.3698e-01 1.2271e+02 -9.2019e-01
2.7486e+00 -1.9691e-01 1.2414e+02 -9.2019e-01
-1.9111e+00 8.3459e-01 1.2842e+02 -9.2020e-01
1.9305e+00 8.1968e-01 1.2985e+02 -9.2020e-01
2.5765e+00 -3.1539e-01 1.3127e+02 -9.2019e-01
2.0548e+00 7.2812e-01 1.3698e+02 -9.2020e-01
2.4784e+00 -3.9797e-01 1.3841e+02 -9.2019e-01
2.1117e+00 7.0519e-01 1.4411e+02 -9.2020e-01
2.4977e+00 -4.0524e-01 1.4554e+02 -9.2019e-01
-8.2445e-01 -1.5647e+00 1.4697e+02 -9.2019e-01
2.6327e+00 -3.3288e-01 1.5268e+02 -9.2020e-01
-3.8974e-01 -1.8301e+00 1.5410e+02 -9.2019e-01
2.8153e+00 -2.1431e-01 1.5981e+02 -9.2020e-01
3.9279e-01 -1.8296e+00 1.6124e+02 -9.2019e-01
2.8800e+00 -1.3898e-01 1.6694e+02 -9.2020e-01
8.1010e-01 -1.5747e+00 1.6837e+02 -9.2019e-01
-2.5003e+00 -4.0084e-01 1.6980e+02 -9.2019e-01
8.0197e-01 -1.5738e+00 1.7551e+02 -9.2020e-01
-2.4857e+00 -3.9020e-01 1.7693e+02 -9.2019e-01
3.7515e-01 -1.8219e+00 1.8264e+02 -9.2020e-01
-2.5875e+00 -3.0504e-01 1.8407e+02 -9.2019e-01
-3.8706e-01 -1.8174e+00 1.8977e+02 -9.2020e-01
-2.7576e+00 -1.8738e-01 1.9120e+02 -9.2019e-01
-1.7818e+00 9.4934e-01 1.9263e+02 -9.2019e-01
-2.8552e+00 -1.2622e-01 1.9834e+02 -9.2020e-01
-1.7267e+00 1.0066e+00 1.9976e+02 -9.2019e-01
-2.8811e+00 -1.3606e-01 2.0547e+02 -9.2020e-01
-1.8019e+00 9.7452e-01 2.0690e+02 -9.2019e-01
2.0896e+00 7.5244e-01 2.0833e+02 -9.2019e-01
-2.8174e+00 -2.1110e-01 2.1260e+02 -9.2020e-01
-1.9589e+00 8.7520e-01 2.1403e+02 -9.2020e-01
1.9781e+00 8.6259e-01 2.1546e+02 -9.2019e-01
-2.0758e+00 7.6342e-01 2.2117e+02 -9.2020e-01
1.8218e+00 9.6335e-01 2.2259e+02 -9.2019e-01
-2.1061e+00 7.0904e-01 2.2830e+02 -9.2020e-01
1.7409e+00 9.9929e-01 2.2973e+02 -9.2019e-01
2.8562e+00 -1.2990e-01 2.3116e+02 -9.2019e-01
1.7894e+00 9.4652e-01 2.3686e+02 -9.2020e-01
2.7620e+00 -1.8756e-01 2.3829e+02 -9.2019e-01
1.9172e+00 8.3086e-01 2.4400e+02 -9.2020e-01
2.5915e+00 -3.0446e-01 2.4542e+02 -9.2019e-01
2.0448e+00 7.3453e-01 2.5113e+02 -9.2020e-01
2.4831e+00 -3.9286e-01 2.5256e+02 -9.2019e-01
-8.1188e-01 -1.5662e+00 2.5399e+02 -9.2019e-01
2.4920e+00 -4.0721e-01 2.5969e+02 -9.2020e-01
-8.3781e-01 -1.5554e+00 2.6112e+02 -9.2019e-01
2.6169e+00 -3.4180e-01 2.6683e+02 -9.2020e-01
-4.4718e-01 -1.8060e+00 2.6825e+02 -9.2019e-01
2.8027e+00 -2.2364e-01 2.7396e+02 -9.2020e-01
3.3136e-01 -1.8483e+00 2.7539e+02 -9.2019e-01
-2.6459e+00 -3.2254e-01 2.7682e+02 -9.2019e-01
7.9194e-01 -1.5873e+00 2.8252e+02 -9.2020e-01
-2.5073e+00 -3.9790e-01 2.8395e+02 -9.2019e-01
8.1633e-01 -1.5647e+00 2.8966e+02 -9.2020e-01
-2.4829e+00 -3.9404e-01 2.9108e+02 -9.2019e-01
-2.0487e+00 7.3253e-01 2.9251e+02 -9.2019e-01
4.3033e-01 -1.8007e+00 2.9679e+02 -9.2020e-01
-2.5748e+00 -3.1468e-01 2.9822e+02 -9.2020e-01
-1.9253e+00 8.2194e-01 2.9965e+02 -9.2019e-01
-2.7449e+00 -1.9649e-01 3.0535e+02 -9.2020e-01
-1.7928e+00 9.3987e-01 3.0678e+02 -9.2019e-01
-2.8496e+00 -1.2948e-01 3.1249e+02 -9.2020e-01
-1.7291e+00 1.0038e+00 3.1391e+02 -9.2019e-01
2.1115e+00 7.0256e-01 3.1534e+02 -9.2019e-01
-1.7939e+00 9.7852e-01 3.2105e+02 -9.2020e-01
2.0931e+00 7.4703e-01 3.2248e+02 -9.2019e-01
-1.9483e+00 8.8310e-01 3.2818e+02 -9.2020e-01
1.9878e+00 8.5436e-01 3.2961e+02 -9.2019e-01
-2.0699e+00 7.7045e-01 3.3532e+02 -9.2020e-01
1.8322e+00 9.5736e-01 3.3674e+02 -9.2019e-01
2.8766e+00 -1.4698e-01 3.3817e+02 -9.2019e-01
1.7432e+00 9.9890e-01 3.4388e+02 -9.2020e-01
2.8590e+00 -1.2926e-01 3.4531e+02 -9.2019e-01
1.7832e+00 9.5223e-01 3.5101e+02 -9.2020e-01
2.7705e+00 -1.8181e-01 3.5244e+02 -9.2019e-01
1.9079e+00 8.3901e-01 3.5815e+02 -9.2020e-01
2.6031e+00 -2.9629e-01 3.5957e+02 -9.2019e-01
-3.1634e-01 -1.8371e+00 3.6100e+02 -9.2019e-01
2.4884e+00 -3.8794e-01 3.6671e+02 -9.2020e-01
-7.9091e-01 -1.5800e+00 3.6814e+02 -9.2019e-01
2.4908e+00 -4.0673e-01 3.7384e+02 -9.2020e-01
-8.3826e-01 -1.5548e+00 3.7527e+02 -9.2019e-01
-2.8807e+00 -1.3193e-01 3.7670e+02 -9.2019e-01
2.6092e+00 -3.4583e-01 3.8098e+02 -9.2020e-01
-4.7384e-01 -1.7927e+00 3.8240e+02 -9.2020e-01
-2.8288e+00 -2.0054e-01 3.8383e+02 -9.2019e-01
2.9407e-01 -1.8558e+00 3.8954e+02 -9.2020e-01
-2.6555e+00 -3.1681e-01 3.9097e+02 -9.2019e-01
7.7655e-01 -1.5978e+00 3.9667e+02 -9.2020e-01
-2.5127e+00 -3.9518e-01 3.9810e+02 -9.2019e-01
-2.1017e+00 7.1459e-01 3.9953e+02 -9.2019e-01
-2.4834e+00 -3.9472e-01 4.0523e+02 -9.2020e-01
-2.0519e+00 7.3108e-01 4.0666e+02 -9.2019e-01
-2.5703e+00 -3.1843e-01 4.1237e+02 -9.2020e-01
-1.9310e+00 8.1770e-01 4.1380e+02 -9.2019e-01
-2.7390e+00 -2.0104e-01 4.1950e+02 -9.2020e-01
-1.7991e+00 9.3486e-01 4.2093e+02 -9.2019e-01
2.0393e+00 7.3866e-01 4.2236e+02 -9.2019e-01
-1.7329e+00 1.0008e+00 4.2806e+02 -9.2020e-01
2.1084e+00 7.0445e-01 4.2949e+02 -9.2019e-01
-1.7941e+00 9.7802e-01 4.3520e+02 -9.2020e-01
2.0922e+00 7.4682e-01 4.3663e+02 -9.2019e-01
-1.9462e+00 8.8445e-01 4.4233e+02 -9.2020e-01
1.9893e+00 8.5259e-01 4.4376e+02 -9.2019e-01
2.7928e+00 -2.3136e-01 4.4519e+02 -9.2019e-01
1.8351e+00 9.5538e-01 4.5089e+02 -9.2020e-01
2.8750e+00 -1.4856e-01 4.5232e+02 -9.2019e-01
1.7452e+00 9.9764e-01 4.5803e+02 -9.2020e-01
2.8583e+00 -1.3015e-01 4.5946e+02 -9.2019e-01
8.0440e-01 -1.5732e+00 4.6088e+02 -9.2019e-01
1.7837e+00 9.5202e-01 4.6516e+02 -9.2020e-01
2.7706e+00 -1.8191e-01 4.6659e+02 -9.2020e-01
4.3443e-01 -1.7993e+00 4.6802e+02 -9.2019e-01
2.6046e+00 -2.9529e-01 4.7372e+02 -9.2020e-01
-3.1005e-01 -1.8385e+00 4.7515e+02 -9.2019e-01
2.4909e+00 -3.8625e-01 4.8086e+02 -9.2020e-01
-7.8275e-01 -1.5856e+00 4.8229e+02 -9.2019e-01
-2.8472e+00 -1.3048e-01 4.8371e+02 -9.2019e-01
-8.2817e-01 -1.5615e+00 4.8942e+02 -9.2020e-01
-2.8792e+00 -1.3386e-01 4.9085e+02 -9.2019e-01
-4.5954e-01 -1.7999e+00 4.9655e+02 -9.2020e-01
-2.8259e+00 -2.0273e-01 4.9798e+02 -9.2019e-01
3.0353e-01 -1.8540e+00 5.0369e+02 -9.2020e-01
-2.6530e+00 -3.1823e-01 5.0512e+02 -9.2019e-01
-2.0645e+00 7.7399e-01 5.0654e+02 -9.2019e-01
-2.5127e+00 -3.9484e-01 5.1225e+02 -9.2020e-01
-2.1005e+00 7.1516e-01 5.1368e+02 -9.2019e-01
-2.4859e+00 -3.9268e-01 5.1938e+02 -9.2020e-01
-2.0490e+00 7.3327e-01 5.2081e+02 -9.2019e-01
-2.5755e+00 -3.1509e-01 5.2652e+02 -9.2020e-01
-1.9279e+00 8.2081e-01 5.2795e+02 -9.2019e-01
1.9148e+00 8.3439e-01 5.2937e+02 -9.2019e-01
-1.7978e+00 9.3671e-01 5.3508e+02 -9.2020e-01
2.0411e+00 7.3790e-01 5.3651e+02 -9.2019e-01
-1.7363e+00 9.9932e-01 5.4221e+02 -9.2020e-01
2.1071e+00 7.0651e-01 5.4364e+02 -9.2019e-01
2.4943e+00 -4.0551e-01 5.4507e+02 -9.2019e-01
-1.8020e+00 9.7347e-01 5.4935e+02 -9.2020e-01
2.0876e+00 7.5172e-01 5.5078e+02 -9.2020e-01
2.6163e+00 -3.4216e-01 5.5220e+02 -9.2019e-01
1.9818e+00 8.5819e-01 5.5791e+02 -9.2020e-01
2.7991e+00 -2.2629e-01 5.5934e+02 -9.2019e-01
1.8288e+00 9.5866e-01 5.6504e+02 -9.2020e-01
2.8749e+00 -1.4675e-01 5.6647e+02 -9.2019e-01
7.7112e-01 -1.6013e+00 5.6790e+02 -9.2019e-01
2.8548e+00 -1.3182e-01 5.7361e+02 -9.2020e-01
7.9143e-01 -1.5815e+00 5.7503e+02 -9.2019e-01
2.7625e+00 -1.8740e-01 5.8074e+02 -9.2020e-01
3.9667e-01 -1.8147e+00 5.8217e+02 -9.2019e-01
2.5959e+00 -3.0151e-01 5.8787e+02 -9.2020e-01
-3.4737e-01 -1.8299e+00 5.8930e+02 -9.2019e-01
-2.7494e+00 -1.9330e-01 5.9073e+02 -9.2019e-01
-7.9020e-01 -1.5810e+00 5.9644e+02 -9.2020e-01
-2.8502e+00 -1.2994e-01 5.9786e+02 -9.2019e-01
-8.1127e-01 -1.5732e+00 6.0357e+02 -9.2020e-01
-2.8778e+00 -1.3764e-01 6.0500e+02 -9.2019e-01
-4.1040e-01 -1.8221e+00 6.1070e+02 -9.2020e-01
-2.8164e+00 -2.1044e-01 6.1213e+02 -9.2019e-01
-1.9551e+00 8.7686e-01 6.1356e+02 -9.2019e-01
-2.6400e+00 -3.2594e-01 6.1927e+02 -9.2020e-01
-2.0701e+00 7.6740e-01 6.2069e+02 -9.2019e-01
-2.5076e+00 -3.9694e-01 6.2640e+02 -9.2020e-01
-2.0994e+00 7.1424e-01 6.2783e+02 -9.2019e-01
1.7506e+00 9.9278e-01 6.2926e+02 -9.2019e-01
-2.4894e+00 -3.8889e-01 6.3353e+02 -9.2020e-01
-2.0416e+00 7.3798e-01 6.3496e+02 -9.2020e-01
1.7996e+00 9.3923e-01 6.3639e+02 -9.2019e-01
-1.9179e+00 8.2942e-01 6.4210e+02 -9.2020e-01
1.9248e+00 8.2575e-01 6.4352e+02 -9.2019e-01
-1.7907e+00 9.4373e-01 6.4923e+02 -9.2020e-01
2.0482e+00 7.3356e-01 6.5066e+02 -9.2019e-01
2.4857e+00 -3.9258e-01 6.5209e+02 -9.2019e-01
2.1074e+00 7.0835e-01 6.5779e+02 -9.2020e-01
2.5013e+00 -4.0230e-01 6.5922e+02 -9.2019e-01
2.0807e+00 7.5981e-01 6.6493e+02 -9.2020e-01
2.6322e+00 -3.3270e-01 6.6635e+02 -9.2019e-01
1.9686e+00 8.6840e-01 6.7206e+02 -9.2020e-01
2.8110e+00 -2.1689e-01 6.7349e+02 -9.2019e-01
3.7429e-01 -1.8360e+00 6.7492e+02 -9.2019e-01
2.8759e+00 -1.4273e-01 6.8062e+02 -9.2020e-01
7.8836e-01 -1.5892e+00 6.8205e+02 -9.2019e-01
2.8498e+00 -1.3367e-01 6.8776e+02 -9.2020e-01
7.7515e-01 -1.5919e+00 6.8918e+02 -9.2019e-01
2.7500e+00 -1.9565e-01 6.9489e+02 -9.2020e-01
3.3920e-01 -1.8327e+00 6.9632e+02 -9.2019e-01
-2.5964e+00 -2.9922e-01 6.9775e+02 -9.2019e-01
-4.0485e-01 -1.8109e+00 7.0345e+02 -9.2020e-01
-2.7619e+00 -1.8505e-01 7.0488e+02 -9.2019e-01
-8.0592e-01 -1.5711e+00 7.1059e+02 -9.2020e-01
-2.8551e+00 -1.2820e-01 7.1201e+02 -9.2019e-01
-1.7334e+00 1.0030e+00 7.1344e+02 -9.2019e-01
-7.9314e-01 -1.5859e+00 7.1772e+02 -9.2020e-01
-2.8767e+00 -1.4187e-01 7.1915e+02 -9.2020e-01
-1.8150e+00 9.6643e-01 7.2058e+02 -9.2019e-01
-2.8042e+00 -2.2012e-01 7.2628e+02 -9.2020e-01
-1.9690e+00 8.6626e-01 7.2771e+02 -9.2019e-01
-2.6237e+00 -3.3569e-01 7.3342e+02 -9.2020e-01
-2.0773e+00 7.5905e-01 7.3484e+02 -9.2019e-01
1.8160e+00 9.6553e-01 7.3627e+02 -9.2019e-01
-2.0988e+00 7.1250e-01 7.4198e+02 -9.2020e-01
1.7485e+00 9.9256e-01 7.4341e+02 -9.2019e-01
-2.0338e+00 7.4279e-01 7.4911e+02 -9.2020e-01
1.8074e+00 9.3161e-01 7.5054e+02 -9.2019e-01
-1.9071e+00 8.3877e-01 7.5625e+02 -9.2020e-01
1.9355e+00 8.1648e-01 7.5767e+02 -9.2019e-01
2.5742e+00 -3.1790e-01 7.5910e+02 -9.2019e-01
2.0560e+00 7.2857e-01 7.6481e+02 -9.2020e-01
2.4821e+00 -3.9656e-01 7.6624e+02 -9.2019e-01
2.1085e+00 7.0954e-01 7.7194e+02 -9.2020e-01
2.5072e+00 -3.9979e-01 7.7337e+02 -9.2019e-01
2.0745e+00 7.6720e-01 7.7908e+02 -9.2020e-01
2.6469e+00 -3.2400e-01 7.8050e+02 -9.2019e-01
-3.3404e-01 -1.8469e+00 7.8193e+02 -9.2019e-01
2.8218e+00 -2.0827e-01 7.8764e+02 -9.2020e-01
4.2946e-01 -1.8146e+00 7.8907e+02 -9.2019e-01
2.8773e+00 -1.3867e-01 7.9477e+02 -9.2020e-01
8.0636e-01 -1.5767e+00 7.9620e+02 -9.2019e-01
-2.4999e+00 -3.9924e-01 7.9763e+02 -9.2019e-01
2.8461e+00 -1.3461e-01 8.0191e+02 -9.2020e-01
7.6475e-01 -1.5984e+00 8.0333e+02 -9.2020e-01
-2.4954e+00 -3.8177e-01 8.0476e+02 -9.2019e-01
2.9412e-01 -1.8420e+00 8.1047e+02 -9.2020e-01
-2.6068e+00 -2.9174e-01 8.1190e+02 -9.2019e-01
-4.4935e-01 -1.7917e+00 8.1760e+02 -9.2020e-01
-2.7714e+00 -1.7859e-01 8.1903e+02 -9.2019e-01
-1.7736e+00 9.5765e-01 8.2046e+02 -9.2019e-01
-2.8592e+00 -1.2642e-01 8.2616e+02 -9.2020e-01
-1.7338e+00 1.0040e+00 8.2759e+02 -9.2019e-01
-2.8765e+00 -1.4438e-01 8.3330e+02 -9.2020e-01
-1.8233e+00 9.6205e-01 8.3473e+02 -9.2019e-01
-2.7961e+00 -2.2659e-01 8.4043e+02 -9.2020e-01
-1.9783e+00 8.5915e-01 8.4186e+02 -9.2019e-01
1.9575e+00 8.7773e-01 8.4329e+02 -9.2019e-01
-2.0827e+00 7.5313e-01 8.4899e+02 -9.2020e-01
1.8066e+00 9.7083e-01 8.5042e+02 -9.2019e-01
-2.0996e+00 7.1047e-01 8.5613e+02 -9.2020e-01
1.7454e+00 9.9362e-01 8.5756e+02 -9.2019e-01
-2.0304e+00 7.4461e-01 8.6326e+02 -9.2020e-01
1.8103e+00 9.2826e-01 8.6469e+02 -9.2019e-01
2.7367e+00 -2.0536e-01 8.6612e+02 -9.2019e-01
1.9405e+00 8.1180e-01 8.7182e+02 -9.2020e-01
2.5670e+00 -3.2279e-01 8.7325e+02 -9.2019e-01
2.0602e+00 7.2565e-01 8.7896e+02 -9.2020e-01
2.4792e+00 -3.9913e-01 8.8039e+02 -9.2019e-01
-8.3409e-01 -1.5525e+00 8.8181e+02 -9.2019e-01
2.1097e+00 7.0935e-01 8.8609e+02 -9.2020e-01
2.5086e+00 -3.9948e-01 8.8752e+02 -9.2020e-01
-7.9332e-01 -1.5860e+00 8.8895e+02 -9.2019e-01
2.6523e+00 -3.2085e-01 8.9465e+02 -9.2020e-01
-3.1342e-01 -1.8517e+00 8.9608e+02 -9.2019e-01
2.8265e+00 -2.0458e-01 9.0179e+02 -9.2020e-01
4.5322e-01 -1.8036e+00 9.0322e+02 -9.2019e-01
-2.6130e+00 -3.4136e-01 9.0464e+02 -9.2019e-01
8.1850e-01 -1.5685e+00 9.1035e+02 -9.2020e-01
-2.4959e+00 -4.0167e-01 9.1178e+02 -9.2019e-01
7.6901e-01 -1.5953e+00 9.1748e+02 -9.2020e-01
-2.4938e+00 -3.8252e-01 9.1891e+02 -9.2019e-01
2.8907e-01 -1.8427e+00 9.2462e+02 -9.2020e-01
-2.6079e+00 -2.9087e-01 9.2605e+02 -9.2019e-01
-1.8970e+00 8.4605e-01 9.2747e+02 -9.2019e-01
-2.7734e+00 -1.7709e-01 9.3318e+02 -9.2020e-01
-1.7716e+00 9.5925e-01 9.3461e+02 -9.2019e-01
-2.8606e+00 -1.2530e-01 9.4031e+02 -9.2020e-01
-1.7322e+00 1.0053e+00 9.4174e+02 -9.2019e-01
-2.8778e+00 -1.4360e-01 9.4745e+02 -9.2020e-01
-1.8226e+00 9.6277e-01 9.4888e+02 -9.2019e-01
2.0779e+00 7.6589e-01 9.5030e+02 -9.2019e-01
-1.9790e+00 8.5910e-01 9.5601e+02 -9.2020e-01
1.9572e+00 8.7815e-01 9.5744e+02 -9.2019e-01
-2.0846e+00 7.5205e-01 9.6314e+02 -9.2020e-01
1.8045e+00 9.7237e-01 9.6457e+02 -9.2019e-01
2.8787e+00 -1.3795e-01 9.6600e+02 -9.2019e-01
-2.1024e+00 7.0846e-01 9.7028e+02 -9.2020e-01
1.7416e+00 9.9630e-01 9.7171e+02 -9.2020e-01
2.8470e+00 -1.3432e-01 9.7313e+02 -9.2019e-01
1.8058e+00 9.3167e-01 9.7884e+02 -9.2020e-01
2.7403e+00 -2.0238e-01 9.8027e+02 -9.2019e-01
1.9369e+00 8.1427e-01 9.8597e+02 -9.2020e-01
2.5691e+00 -3.2073e-01 9.8740e+02 -9.2019e-01
-4.5964e-01 -1.7863e+00 9.8883e+02 -9.2019e-01
2.4781e+00 -3.9918e-01 9.9454e+02 -9.2020e-01
-8.3582e-01 -1.5513e+00 9.9596e+02 -9.2019e-01
2.5043e+00 -4.0176e-01 1.0017e+03 -9.2020e-01
-8.0585e-01 -1.5775e+00 1.0031e+03 -9.2019e-01
2.6453e+00 -3.2503e-01 1.0088e+03 -9.2020e-01
-3.4046e-01 -1.8455e+00 1.0102e+03 -9.2019e-01
-2.8027e+00 -2.2134e-01 1.0117e+03 -9.2019e-01
4.3606e-01 -1.8117e+00 1.0174e+03 -9.2020e-01
-2.6181e+00 -3.3888e-01 1.0188e+03 -9.2019e-01
8.2094e-01 -1.5671e+00 1.0245e+03 -9.2020e-01
-2.4960e+00 -4.0264e-01 1.0259e+03 -9.2019e-01
7.8802e-01 -1.5827e+00 1.0316e+03 -9.2020e-01
-2.4889e+00 -3.8685e-01 1.0331e+03 -9.2019e-01
-2.0338e+00 7.4180e-01 1.0345e+03 -9.2019e-01
-2.5984e+00 -2.9755e-01 1.0402e+03 -9.2020e-01
-1.9046e+00 8.3938e-01 1.0416e+03 -9.2019e-01
-2.7668e+00 -1.8151e-01 1.0473e+03 -9.2020e-01
-1.7763e+00 9.5487e-01 1.0488e+03 -9.2019e-01
2.0598e+00 7.2499e-01 1.0502e+03 -9.2019e-01
-2.8586e+00 -1.2549e-01 1.0545e+03 -9.2020e-01
-1.7297e+00 1.0060e+00 1.0559e+03 -9.2020e-01
2.1146e+00 7.0391e-01 1.0573e+03 -9.2019e-01
-1.8134e+00 9.6813e-01 1.0630e+03 -9.2020e-01
2.0831e+00 7.5974e-01 1.0645e+03 -9.2019e-01
-1.9709e+00 8.6613e-01 1.0702e+03 -9.2020e-01
1.9661e+00 8.7158e-01 1.0716e+03 -9.2019e-01
2.8176e+00 -2.1313e-01 1.0730e+03 -9.2019e-01
1.8107e+00 9.6941e-01 1.0787e+03 -9.2020e-01
2.8795e+00 -1.3936e-01 1.0801e+03 -9.2019e-01
1.7387e+00 9.9940e-01 1.0859e+03 -9.2020e-01
2.8524e+00 -1.3100e-01 1.0873e+03 -9.2019e-01
1.7955e+00 9.4049e-01 1.0930e+03 -9.2020e-01
2.7521e+00 -1.9391e-01 1.0944e+03 -9.2019e-01
3.5019e-01 -1.8297e+00 1.0958e+03 -9.2019e-01
2.5804e+00 -3.1216e-01 1.1016e+03 -9.2020e-01
-4.1142e-01 -1.8080e+00 1.1030e+03 -9.2019e-01
2.4801e+00 -3.9605e-01 1.1087e+03 -9.2020e-01
-8.2474e-01 -1.5582e+00 1.1101e+03 -9.2019e-01
2.4971e+00 -4.0493e-01 1.1158e+03 -9.2020e-01
-8.2465e-01 -1.5646e+00 1.1172e+03 -9.2019e-01
-2.8814e+00 -1.3583e-01 1.1187e+03 -9.2019e-01
-3.9940e-01 -1.8266e+00 1.1244e+03 -9.2020e-01
-2.8148e+00 -2.1243e-01 1.1258e+03 -9.2019e-01
3.8347e-01 -1.8328e+00 1.1315e+03 -9.2020e-01
-2.6325e+00 -3.3079e-01 1.1329e+03 -9.2019e-01
-2.0747e+00 7.6292e-01 1.1344e+03 -9.2019e-01
8.1038e-01 -1.5745e+00 1.1386e+03 -9.2020e-01
-2.5007e+00 -4.0126e-01 1.1401e+03 -9.2020e-01
-2.1031e+00 7.1043e-01 1.1415e+03 -9.2019e-01
-2.4839e+00 -3.9224e-01 1.1472e+03 -9.2020e-01
-2.0441e+00 7.3516e-01 1.1486e+03 -9.2019e-01
-2.5835e+00 -3.0840e-01 1.1543e+03 -9.2020e-01
-1.9178e+00 8.2829e-01 1.1558e+03 -9.2019e-01
1.9238e+00 8.2588e-01 1.1572e+03 -9.2019e-01
-1.7866e+00 9.4580e-01 1.1629e+03 -9.2020e-01
2.0503e+00 7.3086e-01 1.1643e+03 -9.2019e-01
-1.7294e+00 1.0048e+00 1.1700e+03 -9.2020e-01
2.1126e+00 7.0300e-01 1.1715e+03 -9.2019e-01
-1.8018e+00 9.7444e-01 1.1772e+03 -9.2020e-01
2.0889e+00 7.5200e-01 1.1786e+03 -9.2019e-01
2.6196e+00 -3.4103e-01 1.1800e+03 -9.2019e-01
1.9787e+00 8.6160e-01 1.1857e+03 -9.2020e-01
2.8053e+00 -2.2249e-01 1.1872e+03 -9.2019e-01
1.8222e+00 9.6316e-01 1.1929e+03 -9.2020e-01
2.8786e+00 -1.4314e-01 1.1943e+03 -9.2019e-01
1.7389e+00 1.0007e+00 1.2000e+03 -9.2020e-01
2.8574e+00 -1.2875e-01 1.2014e+03 -9.2019e-01
8.0800e-01 -1.5704e+00 1.2029e+03 -9.2019e-01
2.7650e+00 -1.8498e-01 1.2086e+03 -9.2020e-01
4.1119e-01 -1.8090e+00 1.2100e+03 -9.2019e-01
2.5954e+00 -3.0128e-01 1.2157e+03 -9.2020e-01
-3.4760e-01 -1.8296e+00 1.2171e+03 -9.2019e-01
-2.7487e+00 -1.9289e-01 1.2186e+03 -9.2019e-01
2.4853e+00 -3.9066e-01 1.2228e+03 -9.2020e-01
-8.0300e-01 -1.5722e+00 1.2243e+03 -9.2020e-01
-2.8516e+00 -1.2726e-01 1.2257e+03 -9.2019e-01
-8.3534e-01 -1.5570e+00 1.2314e+03 -9.2020e-01
-2.8814e+00 -1.3302e-01 1.2328e+03 -9.2019e-01
-4.5219e-01 -1.8037e+00 1.2385e+03 -9.2020e-01
-2.8251e+00 -2.0419e-01 1.2400e+03 -9.2019e-01
-1.9474e+00 8.8330e-01 1.2414e+03 -9.2019e-01
-2.6481e+00 -3.2165e-01 1.2471e+03 -9.2020e-01
-2.0685e+00 7.7059e-01 1.2485e+03 -9.2019e-01
-2.5079e+00 -3.9812e-01 1.2542e+03 -9.2020e-01
-2.1039e+00 7.1208e-01 1.2557e+03 -9.2019e-01
-2.4818e+00 -3.9542e-01 1.2614e+03 -9.2020e-01
-2.0517e+00 7.3071e-01 1.2628e+03 -9.2019e-01
1.7878e+00 9.4919e-01 1.2642e+03 -9.2019e-01
-1.9292e+00 8.1916e-01 1.2699e+03 -9.2020e-01
1.9127e+00 8.3547e-01 1.2714e+03 -9.2019e-01
-1.7970e+00 9.3691e-01 1.2771e+03 -9.2020e-01
2.0411e+00 7.3715e-01 1.2785e+03 -9.2019e-01
-1.7323e+00 1.0017e+00 1.2842e+03 -9.2020e-01
2.1090e+00 7.0404e-01 1.2856e+03 -9.2019e-01
2.4892e+00 -4.0853e-01 1.2870e+03 -9.2019e-01
2.0915e+00 7.4764e-01 1.2928e+03 -9.2020e-01
2.6090e+00 -3.4675e-01 1.2942e+03 -9.2019e-01
1.9869e+00 8.5450e-01 1.2999e+03 -9.2020e-01
2.7952e+00 -2.2955e-01 1.3013e+03 -9.2019e-01
2.9343e-01 -1.8561e+00 1.3027e+03 -9.2019e-01
1.8314e+00 9.5776e-01 1.3070e+03 -9.2020e-01
2.8765e+00 -1.4678e-01 1.3085e+03 -9.2020e-01
7.7388e-01 -1.5998e+00 1.3099e+03 -9.2019e-01
2.8595e+00 -1.2853e-01 1.3156e+03 -9.2020e-01
8.1258e-01 -1.5676e+00 1.3170e+03 -9.2019e-01
2.7717e+00 -1.8046e-01 1.3227e+03 -9.2020e-01
4.4253e-01 -1.7954e+00 1.3241e+03 -9.2019e-01
-2.5717e+00 -3.1670e-01 1.3256e+03 -9.2019e-01
-3.0644e-01 -1.8392e+00 1.3313e+03 -9.2020e-01
-2.7404e+00 -1.9912e-01 1.3327e+03 -9.2019e-01
-7.8394e-01 -1.5848e+00 1.3384e+03 -9.2020e-01
-2.8474e+00 -1.3025e-01 1.3398e+03 -9.2019e-01
-8.3310e-01 -1.5583e+00 1.3455e+03 -9.2020e-01
-2.8801e+00 -1.3298e-01 1.3470e+03 -9.2019e-01
-1.7896e+00 9.8063e-01 1.3484e+03 -9.2019e-01
-2.8284e+00 -2.0130e-01 1.3541e+03 -9.2020e-01
-1.9426e+00 8.8669e-01 1.3555e+03 -9.2019e-01
-2.6553e+00 -3.1736e-01 1.3612e+03 -9.2020e-01
-2.0652e+00 7.7431e-01 1.3627e+03 -9.2019e-01
-2.5122e+00 -3.9581e-01 1.3684e+03 -9.2020e-01
-2.1031e+00 7.1373e-01 1.3698e+03 -9.2019e-01
1.7485e+00 9.9592e-01 1.3712e+03 -9.2019e-01
-2.0535e+00 7.3012e-01 1.3769e+03 -9.2020e-01
1.7864e+00 9.5064e-01 1.3784e+03 -9.2019e-01
-1.9330e+00 8.1655e-01 1.3841e+03 -9.2020e-01
1.9094e+00 8.3856e-01 1.3855e+03 -9.2019e-01
2.6042e+00 -2.9616e-01 1.3869e+03 -9.2019e-01
-1.8017e+00 9.3337e-01 1.3912e+03 -9.2020e-01
2.0373e+00 7.4005e-01 1.3926e+03 -9.2020e-01
2.4892e+00 -3.8778e-01 1.3941e+03 -9.2019e-01
2.1062e+00 7.0604e-01 1.3998e+03 -9.2020e-01
2.4912e+00 -4.0674e-01 1.4012e+03 -9.2019e-01
2.0897e+00 7.4864e-01 1.4069e+03 -9.2020e-01
2.6094e+00 -3.4604e-01 1.4083e+03 -9.2019e-01
-4.7404e-01 -1.7924e+00 1.4098e+03 -9.2019e-01
2.7940e+00 -2.2996e-01 1.4155e+03 -9.2020e-01
2.8933e-01 -1.8567e+00 1.4169e+03 -9.2019e-01
2.8752e+00 -1.4762e-01 1.4226e+03 -9.2020e-01
7.6833e-01 -1.6034e+00 1.4240e+03 -9.2019e-01
2.8581e+00 -1.2964e-01 1.4297e+03 -9.2020e-01
8.0584e-01 -1.5720e+00 1.4312e+03 -9.2019e-01
-2.4865e+00 -3.9201e-01 1.4326e+03 -9.2019e-01
4.3319e-01 -1.7997e+00 1.4383e+03 -9.2020e-01
-2.5743e+00 -3.1527e-01 1.4397e+03 -9.2019e-01
-3.1071e-01 -1.8385e+00 1.4454e+03 -9.2020e-01
-2.7418e+00 -1.9872e-01 1.4469e+03 -9.2019e-01
-7.7944e-01 -1.5880e+00 1.4526e+03 -9.2020e-01
-2.8473e+00 -1.3136e-01 1.4540e+03 -9.2019e-01
-1.7318e+00 1.0016e+00 1.4554e+03 -9.2019e-01
-2.8786e+00 -1.3539e-01 1.4611e+03 -9.2020e-01
-1.7956e+00 9.7709e-01 1.4626e+03 -9.2019e-01
-2.8238e+00 -2.0489e-01 1.4683e+03 -9.2020e-01
-1.9477e+00 8.8275e-01 1.4697e+03 -9.2019e-01
1.9878e+00 8.5416e-01 1.4711e+03 -9.2019e-01
-2.6501e+00 -3.2040e-01 1.4754e+03 -9.2020e-01
-2.0673e+00 7.7176e-01 1.4768e+03 -9.2020e-01
1.8348e+00 9.5530e-01 1.4783e+03 -9.2019e-01
-2.1020e+00 7.1394e-01 1.4840e+03 -9.2020e-01
1.7491e+00 9.9476e-01 1.4854e+03 -9.2019e-01
-2.0494e+00 7.3301e-01 1.4911e+03 -9.2020e-01
1.7910e+00 9.4645e-01 1.4925e+03 -9.2019e-01
2.7647e+00 -1.8675e-01 1.4939e+03 -9.2019e-01
1.9147e+00 8.3406e-01 1.4997e+03 -9.2020e-01
2.5981e+00 -3.0061e-01 1.5011e+03 -9.2019e-01
2.0406e+00 7.3832e-01 1.5068e+03 -9.2020e-01
2.4889e+00 -3.8887e-01 1.5082e+03 -9.2019e-01
2.1054e+00 7.0807e-01 1.5139e+03 -9.2020e-01
2.4967e+00 -4.0387e-01 1.5153e+03 -9.2019e-01
-8.2211e-01 -1.5657e+00 1.5168e+03 -9.2019e-01
2.6203e+00 -3.3937e-01 1.5225e+03 -9.2020e-01
-4.3324e-01 -1.8122e+00 1.5239e+03 -9.2019e-01
2.8020e+00 -2.2357e-01 1.5296e+03 -9.2020e-01
3.3021e-01 -1.8484e+00 1.5310e+03 -9.2019e-01
2.8754e+00 -1.4515e-01 1.5368e+03 -9.2020e-01
7.7815e-01 -1.5964e+00 1.5382e+03 -9.2019e-01
-2.5108e+00 -3.9473e-01 1.5396e+03 -9.2019e-01
7.9159e-01 -1.5812e+00 1.5453e+03 -9.2020e-01
-2.4898e+00 -3.8857e-01 1.5467e+03 -9.2019e-01
3.8895e-01 -1.8174e+00 1.5524e+03 -9.2020e-01
-2.5850e+00 -3.0776e-01 1.5539e+03 -9.2019e-01
-3.5523e-01 -1.8278e+00 1.5596e+03 -9.2020e-01
-2.7516e+00 -1.9242e-01 1.5610e+03 -9.2020e-01
-1.7896e+00 9.4350e-01 1.5624e+03 -9.2019e-01
-2.8509e+00 -1.3044e-01 1.5681e+03 -9.2020e-01
-1.7344e+00 1.0013e+00 1.5696e+03 -9.2019e-01
-2.8772e+00 -1.3943e-01 1.5753e+03 -9.2020e-01
-1.8073e+00 9.7054e-01 1.5767e+03 -9.2019e-01
2.0855e+00 7.5569e-01 1.5781e+03 -9.2019e-01
-1.9603e+00 8.7328e-01 1.5838e+03 -9.2020e-01
1.9756e+00 8.6354e-01 1.5853e+03 -9.2019e-01
-2.0735e+00 7.6440e-01 1.5910e+03 -9.2020e-01
1.8237e+00 9.6134e-01 1.5924e+03 -9.2019e-01
-2.1009e+00 7.1277e-01 1.5981e+03 -9.2020e-01
1.7479e+00 9.9401e-01 1.5995e+03 -9.2019e-01
2.8507e+00 -1.3446e-01 1.6010e+03 -9.2019e-01
1.7993e+00 9.3871e-01 1.6067e+03 -9.2020e-01
2.7529e+00 -1.9465e-01 1.6081e+03 -9.2019e-01
1.9254e+00 8.2477e-01 1.6138e+03 -9.2020e-01
2.5850e+00 -3.0988e-01 1.6152e+03 -9.2019e-01
2.0483e+00 7.3355e-01 1.6209e+03 -9.2020e-01
2.4859e+00 -3.9254e-01 1.6224e+03 -9.2019e-01
-8.0703e-01 -1.5700e+00 1.6238e+03 -9.2019e-01
2.5038e+00 -4.0068e-01 1.6295e+03 -9.2020e-01
-8.0354e-01 -1.5786e+00 1.6309e+03 -9.2019e-01
2.6367e+00 -3.2961e-01 1.6366e+03 -9.2020e-01
-3.7158e-01 -1.8362e+00 1.6381e+03 -9.2019e-01
2.8143e+00 -2.1389e-01 1.6438e+03 -9.2020e-01
3.9251e-01 -1.8295e+00 1.6452e+03 -9.2020e-01
-2.6292e+00 -3.3171e-01 1.6466e+03 -9.2019e-01
7.9635e-01 -1.5836e+00 1.6523e+03 -9.2020e-01
-2.5039e+00 -3.9776e-01 1.6538e+03 -9.2019e-01
7.7573e-01 -1.5912e+00 1.6595e+03 -9.2020e-01
-2.4932e+00 -3.8461e-01 1.6609e+03 -9.2019e-01
-2.0331e+00 7.4342e-01 1.6623e+03 -9.2019e-01
-2.5985e+00 -2.9808e-01 1.6680e+03 -9.2020e-01
-1.9068e+00 8.3834e-01 1.6695e+03 -9.2019e-01
-2.7640e+00 -1.8417e-01 1.6752e+03 -9.2020e-01
-1.7810e+00 9.5159e-01 1.6766e+03 -9.2019e-01
-2.8559e+00 -1.2861e-01 1.6823e+03 -9.2020e-01
-1.7360e+00 1.0019e+00 1.6837e+03 -9.2019e-01
2.1108e+00 7.0759e-01 1.6851e+03 -9.2019e-01
-1.8197e+00 9.6381e-01 1.6909e+03 -9.2020e-01
2.0787e+00 7.6373e-01 1.6923e+03 -9.2019e-01
-1.9737e+00 8.6300e-01 1.6980e+03 -9.2020e-01
1.9622e+00 8.7380e-01 1.6994e+03 -9.2019e-01
-2.0805e+00 7.5627e-01 1.7051e+03 -9.2020e-01
1.8111e+00 9.6825e-01 1.7066e+03 -9.2019e-01
2.8763e+00 -1.4095e-01 1.7080e+03 -9.2019e-01
1.7455e+00 9.9401e-01 1.7137e+03 -9.2020e-01
2.8463e+00 -1.3579e-01 1.7151e+03 -9.2019e-01
1.8064e+00 9.3166e-01 1.7208e+03 -9.2020e-01
2.7414e+00 -2.0205e-01 1.7222e+03 -9.2019e-01
1.9353e+00 8.1613e-01 1.7280e+03 -9.2020e-01
2.5727e+00 -3.1858e-01 1.7294e+03 -9.2020e-01
-4.4636e-01 -1.7929e+00 1.7308e+03 -9.2019e-01
2.4823e+00 -3.9635e-01 1.7365e+03 -9.2020e-01
-8.2245e-01 -1.5602e+00 1.7379e+03 -9.2019e-01
2.5090e+00 -3.9855e-01 1.7436e+03 -9.2020e-01
-7.9036e-01 -1.5879e+00 1.7451e+03 -9.2019e-01
-2.8770e+00 -1.4271e-01 1.7465e+03 -9.2019e-01
-3.2122e-01 -1.8500e+00 1.7522e+03 -9.2020e-01
-2.7984e+00 -2.2408e-01 1.7536e+03 -9.2019e-01
4.4229e-01 -1.8087e+00 1.7593e+03 -9.2020e-01
-2.6160e+00 -3.3969e-01 1.7608e+03 -9.2019e-01
8.1343e-01 -1.5718e+00 1.7665e+03 -9.2020e-01
-2.4978e+00 -4.0081e-01 1.7679e+03 -9.2019e-01
-2.0966e+00 7.1278e-01 1.7693e+03 -9.2019e-01
-2.4944e+00 -3.8254e-01 1.7750e+03 -9.2020e-01
-2.0280e+00 7.4633e-01 1.7765e+03 -9.2019e-01
-2.6073e+00 -2.9178e-01 1.7822e+03 -9.2020e-01
-1.8993e+00 8.4473e-01 1.7836e+03 -9.2019e-01
-2.7722e+00 -1.7862e-01 1.7893e+03 -9.2020e-01
-1.7749e+00 9.5716e-01 1.7907e+03 -9.2019e-01
2.0622e+00 7.2439e-01 1.7922e+03 -9.2019e-01
-1.7360e+00 1.0029e+00 1.7979e+03 -9.2020e-01
2.1120e+00 7.0785e-01 1.7993e+03 -9.2019e-01
